%%MatrixMarket matrix coordinate integer general
%-------------------------------------------------------------------------------
30 30 152
1 2 1
1 3 1
1 4 1
1 5 1
1 7 1
2 1 11
2 2 1
2 3 1
2 4 1
2 5 1
3 2 1
3 3 1
3 4 1
3 5 1
4 2 1
4 3 1
4 4 1
4 5 1
5 6 20
5 29 20
5 30 20
6 1 37
6 2 1
6 3 1
6 7 1
7 1 11
7 2 1
7 3 1
7 7 1
8 1 17
8 8 2
8 9 2
8 10 1
8 11 1
8 18 1
9 1 11
9 8 1
9 9 1
9 10 1
9 11 1
9 18 1
10 8 1
10 9 1
10 10 1
10 11 1
10 18 1
11 8 1
11 9 1
11 10 1
11 11 1
11 12 1
11 18 1
12 10 1
12 11 1
12 12 1
12 13 1
12 18 1
13 12 1
13 13 1
13 14 1
13 18 1
14 13 1
14 14 1
14 15 1
14 18 1
15 14 1
15 15 1
15 16 1
15 18 1
16 15 1
16 16 1
16 17 1
16 18 1
17 16 1
17 17 1
17 18 1
18 8 1
18 9 1
18 10 1
18 11 1
18 12 1
18 13 1
18 14 1
18 15 1
18 16 1
18 17 1
18 18 1
19 6 1
19 21 1
19 22 1
19 23 1
19 24 1
19 25 1
19 26 1
19 27 1
19 28 1
19 29 1
19 30 1
20 1 360
20 19 1
20 20 1
20 21 1
20 22 1
21 1 240
21 19 1
21 20 1
21 21 1
21 22 1
22 6 1
22 20 1
22 21 1
22 22 1
22 23 1
22 24 1
23 6 1
23 19 1
23 21 1
23 22 1
23 23 1
23 24 1
24 6 1
24 21 1
24 22 1
24 23 1
24 24 1
25 6 1
25 21 1
25 22 1
25 23 1
25 24 1
25 25 1
26 6 1
26 23 1
26 24 1
26 25 1
26 26 1
27 6 1
27 25 1
27 26 1
27 27 1
28 6 1
28 26 1
28 27 1
28 28 1
29 6 1
29 27 1
29 28 1
29 29 1
30 6 1
30 28 1
30 29 1
30 30 1
